Gradient Descent: 
theta0: -1.110577351122379e-16
theta1: 0.884602739797767
theta2: -0.05301557160648518

Normal Equation:
theta0: -1.1102230246251565e-16
theta1: 0.8847659878549514
theta2: -0.05317881966327897

Gradient Descent guess: $293085.90605885565
Normal Equation guess:  $ 293081.4643348962