Slope: 1.1930336441895992
Intercept: -3.895780878311906